1416589621.000000, IBI
59.690233,0.953169
60.580898,0.890666
61.362184,0.781286
100.551478,0.984420
115.114645,0.890666
115.880305,0.765660
116.614713,0.734409
117.317870,0.703157
118.114782,0.796911
118.911693,0.796911
119.833611,0.921917
120.724276,0.890666
121.568065,0.843789
122.364976,0.796911
123.177514,0.812537
124.036928,0.859414
141.897120,0.781286
142.647155,0.750034
156.100896,1.031297
157.288450,1.187554
158.225993,0.937543
159.257290,1.031297
160.163582,0.906291
161.007370,0.843789
161.788656,0.781286
162.601193,0.812537
163.476233,0.875040
184.742832,1.078174
185.633497,0.890666
186.539789,0.906291
187.711718,1.171929
188.571132,0.859414
192.368181,0.796911
193.305724,0.937543
194.243267,0.937543
195.149558,0.906291
196.196481,1.046923
197.071521,0.875040
198.009064,0.937543
198.837227,0.828163
199.790395,0.953169
200.602933,0.812537
201.681107,1.078174
202.774907,1.093800
203.806204,1.031297
204.821876,1.015671
213.150382,1.031297
221.760151,1.296934
222.869577,1.109426
223.775868,0.906291
236.510826,0.906291
237.526498,1.015671
238.495292,0.968794
239.495338,1.000046
240.495384,1.000046
241.448552,0.953169
242.464224,1.015671
243.620527,1.156303
244.698701,1.078174
245.651870,0.953169
246.698793,1.046923
247.776967,1.078174
248.792639,1.015671
265.121511,1.093800
265.965300,0.843789
266.871591,0.906291
268.012269,1.140677
298.966810,1.156303
299.904353,0.937543
300.873148,0.968794
301.841942,0.968794
302.857614,1.015671
303.732654,0.875040
304.685822,0.953169
305.638991,0.953169
316.186349,1.203180
405.924831,0.937543
406.956129,1.031297
408.206186,1.250057
409.268734,1.062549
410.206277,0.937543
411.096943,0.890666
412.034486,0.937543
412.862649,0.828163
413.706438,0.843789
414.487723,0.781286
415.331512,0.843789
419.144186,0.750034
419.909847,0.765660
420.706758,0.796911
421.613050,0.906291
422.269330,0.656280
431.504127,0.875040
432.457296,0.953169
433.566722,1.109426
457.020920,0.734409
457.770955,0.750034
470.880930,1.062549
494.553888,1.093800
495.600811,1.046923
496.585231,0.984420
497.866540,1.281309
502.804266,1.000046
503.819937,1.015671
504.835609,1.015671
505.882532,1.046923
506.945081,1.062549
507.960752,1.015671
509.070178,1.109426
525.914699,0.875040
526.867867,0.953169
527.836662,0.968794
528.680450,0.843789
529.539865,0.859414
530.383653,0.843789
531.368073,0.984420
532.305616,0.937543
533.196282,0.890666
538.649657,1.093800
539.602825,0.953169
540.712251,1.109426
541.868554,1.156303
542.884226,1.015671
543.946774,1.062549
545.024949,1.078174
546.134374,1.109426
547.415683,1.281309
548.415729,1.000046
561.838218,0.812537
562.510124,0.671906
590.417651,1.109426
591.495826,1.078174
592.464620,0.968794
593.714677,1.250057
595.027237,1.312560
595.980406,0.953169
597.136709,1.156303
598.480520,1.343812
599.511818,1.031297
600.496238,0.984420
601.621289,1.125051
602.715089,1.093800
603.824515,1.109426
605.121449,1.296934
606.262127,1.140677
607.293424,1.031297
608.324721,1.031297
609.402895,1.078174
610.340438,0.937543
611.481116,1.140677
612.653044,1.171929
613.574961,0.921917
614.731264,1.156303
615.996947,1.265683
617.059496,1.062549
618.184547,1.125051
619.418979,1.234432
620.512779,1.093800
621.653456,1.140677
622.762882,1.109426
623.809805,1.046923
624.778599,0.968794
625.934902,1.156303
626.903697,0.968794
627.997497,1.093800
629.106922,1.109426
630.435108,1.328186
694.000518,0.859414
694.875558,0.875040
695.828727,0.953169
749.674941,0.984420
769.378968,0.781286
770.332137,0.953169
792.583155,0.781286
793.583201,1.000046
807.380708,1.000046
808.333876,0.953169
825.928432,1.000046
826.865974,0.937543
850.023284,0.828163
874.008757,1.000046
874.868172,0.859414
949.027816,0.875040
950.027862,1.000046
989.998442,0.921917
990.951610,0.953169
991.842276,0.890666
992.732942,0.890666
993.842368,1.109426
994.826788,0.984420
995.779956,0.953169
996.826879,1.046923
997.655042,0.828163
998.655088,1.000046
1018.234109,1.046923
1019.327909,1.093800
1020.249826,0.921917
1021.218621,0.968794
1022.140538,0.921917
1023.078081,0.937543
1024.062501,0.984420
1024.937541,0.875040
1025.750078,0.812537
1026.562615,0.812537
1047.204185,1.015671
1048.235483,1.031297
1049.204277,0.968794
1050.313703,1.109426
1051.313749,1.000046
1052.235666,0.921917
1053.329466,1.093800
1054.329512,1.000046
1055.313932,0.984420
1056.282726,0.968794
1057.439029,1.156303
1058.532829,1.093800
1059.423495,0.890666
1060.407915,0.984420
1089.706131,1.015671
1090.706177,1.000046
1091.753100,1.046923
1092.659391,0.906291
1093.596934,0.937543
1094.565728,0.968794
1095.456394,0.890666
1126.598445,0.890666
1127.520362,0.921917
1128.489156,0.968794
1129.395448,0.906291
1130.332991,0.937543
1131.270534,0.937543
1132.208076,0.937543
1133.176871,0.968794
1134.130039,0.953169
1154.802861,0.875040
1155.756029,0.953169
1194.726563,0.906291
1195.664106,0.937543
1196.554772,0.890666
1197.492315,0.937543
1198.554863,1.062549
1199.570535,1.015671
1206.961498,1.000046
1207.930293,0.968794
1209.055344,1.125051
1210.133518,1.078174
1211.071061,0.937543
1211.992979,0.921917
1212.930521,0.937543
1214.024322,1.093800
1215.227502,1.203180
1232.525168,1.046923
1233.478337,0.953169
1241.056809,1.125051
1249.307187,1.015671
1250.385361,1.078174
1251.541664,1.156303
1252.572961,1.031297
1253.494878,0.921917
1254.432421,0.937543
1255.416841,0.984420
1256.495016,1.078174
1271.042557,0.812537
1271.917597,0.875040
1272.933268,1.015671
1273.777057,0.843789
1281.121143,0.906291
1297.450015,0.968794
1298.434435,0.984420
1315.450839,1.250057
1324.044983,0.953169
1325.013777,0.968794
1326.013823,1.000046
1326.982617,0.968794
1327.951411,0.968794
1375.953609,0.625029
1376.641140,0.687531
1377.297420,0.656280
1377.984952,0.687531
1378.625606,0.640654
1379.438143,0.812537
1380.266306,0.828163
1381.063218,0.796911
1381.938258,0.875040
1394.313824,0.906291
1395.251367,0.937543
1402.595453,0.875040
1403.564248,0.968794
1404.595545,1.031297
1438.268961,0.953169
1439.206504,0.937543
1448.581933,0.984420
1449.472599,0.890666
1450.660153,1.187554
1455.066605,0.984420
1455.941645,0.875040
1456.847937,0.906291
1457.769854,0.921917
1458.754274,0.984420
1459.660565,0.906291
